 w      dos          err
-2.00   0.106593   0.000100
-1.99   0.107259   0.000100
-1.98   0.108013   0.000100
-1.98   0.108733   0.000100
-1.97   0.109533   0.000100
-1.96   0.110406   0.000100
-1.95   0.111184   0.000100
-1.94   0.112037   0.000100
-1.94   0.112917   0.000100
-1.93   0.113849   0.000100
-1.92   0.114774   0.000100
-1.91   0.115776   0.000100
-1.90   0.116785   0.000100
-1.90   0.117823   0.000100
-1.89   0.118901   0.000100
-1.88   0.120085   0.000100
-1.87   0.121295   0.000100
-1.86   0.122478   0.000100
-1.86   0.123836   0.000100
-1.85   0.125219   0.000100
-1.84   0.126667   0.000100
-1.83   0.128168   0.000100
-1.82   0.129827   0.000100
-1.82   0.131577   0.000100
-1.81   0.133383   0.000100
-1.80   0.135424   0.000100
-1.79   0.137561   0.000100
-1.78   0.139931   0.000100
-1.78   0.142442   0.000100
-1.77   0.145326   0.000100
-1.76   0.148607   0.000100
-1.75   0.152266   0.000100
-1.74   0.156439   0.000100
-1.74   0.161454   0.000100
-1.73   0.167609   0.000100
-1.72   0.175333   0.000100
-1.71   0.186611   0.000100
-1.70   0.204014   0.000100
-1.70   0.239651   0.000100
-1.69   0.312211   0.000100
-1.68   0.327648   0.000100
-1.67   0.323759   0.000100
-1.66   0.319133   0.000100
-1.66   0.315314   0.000100
-1.65   0.312229   0.000100
-1.64   0.309746   0.000100
-1.63   0.307895   0.000100
-1.62   0.306558   0.000100
-1.62   0.305559   0.000100
-1.61   0.304922   0.000100
-1.60   0.304620   0.000100
-1.59   0.304618   0.000100
-1.58   0.304905   0.000100
-1.58   0.305498   0.000100
-1.57   0.306331   0.000100
-1.56   0.307423   0.000100
-1.55   0.308877   0.000100
-1.54   0.310609   0.000100
-1.54   0.312680   0.000100
-1.53   0.314945   0.000100
-1.52   0.317855   0.000100
-1.51   0.321071   0.000100
-1.50   0.324736   0.000100
-1.50   0.328965   0.000100
-1.49   0.333860   0.000100
-1.48   0.339494   0.000100
-1.47   0.346241   0.000100
-1.46   0.354205   0.000100
-1.46   0.363967   0.000100
-1.45   0.376283   0.000100
-1.44   0.392744   0.000100
-1.43   0.416958   0.000100
-1.42   0.460591   0.000100
-1.42   0.580076   0.000100
-1.41   0.687693   0.000100
-1.40   0.599037   0.000100
-1.39   0.539609   0.000100
-1.38   0.502077   0.000100
-1.38   0.475594   0.000100
-1.37   0.455945   0.000100
-1.36   0.440470   0.000100
-1.35   0.428066   0.000100
-1.34   0.417885   0.000100
-1.34   0.409539   0.000100
-1.33   0.402474   0.000100
-1.32   0.396790   0.000100
-1.31   0.391968   0.000100
-1.30   0.387806   0.000100
-1.30   0.384010   0.000100
-1.29   0.379856   0.000100
-1.28   0.374011   0.000100
-1.27   0.359767   0.000100
-1.26   0.307358   0.000100
-1.26   0.266613   0.000100
-1.25   0.253095   0.000100
-1.24   0.245145   0.000100
-1.23   0.239039   0.000100
-1.22   0.233933   0.000100
-1.22   0.229590   0.000100
-1.21   0.225982   0.000100
-1.20   0.223415   0.000100
-1.19   0.221818   0.000100
-1.18   0.222187   0.000100
-1.18   0.224717   0.000100
-1.17   0.231094   0.000100
-1.16   0.244490   0.000100
-1.15   0.260953   0.000100
-1.14   0.242987   0.000100
-1.14   0.227270   0.000100
-1.13   0.216895   0.000100
-1.12   0.209066   0.000100
-1.11   0.202941   0.000100
-1.10   0.197937   0.000100
-1.10   0.193591   0.000100
-1.09   0.189816   0.000100
-1.08   0.186390   0.000100
-1.07   0.183500   0.000100
-1.06   0.180803   0.000100
-1.06   0.178709   0.000100
-1.05   0.177382   0.000100
-1.04   0.179178   0.000100
-1.03   0.180001   0.000100
-1.02   0.179684   0.000100
-1.02   0.179125   0.000100
-1.01   0.178534   0.000100
-1.00   0.177915   0.000100
-0.99   0.176989   0.000100
-0.98   0.176451   0.000100
-0.98   0.175712   0.000100
-0.97   0.175044   0.000100
-0.96   0.174498   0.000100
-0.95   0.173848   0.000100
-0.94   0.173134   0.000100
-0.94   0.172468   0.000100
-0.93   0.171759   0.000100
-0.92   0.170939   0.000100
-0.91   0.170245   0.000100
-0.90   0.169667   0.000100
-0.90   0.168932   0.000100
-0.89   0.168230   0.000100
-0.88   0.167549   0.000100
-0.87   0.166825   0.000100
-0.86   0.166144   0.000100
-0.86   0.165476   0.000100
-0.85   0.164801   0.000100
-0.84   0.164079   0.000100
-0.83   0.163400   0.000100
-0.82   0.162681   0.000100
-0.82   0.162060   0.000100
-0.81   0.161385   0.000100
-0.80   0.160634   0.000100
-0.79   0.160052   0.000100
-0.78   0.159380   0.000100
-0.78   0.158702   0.000100
-0.77   0.158084   0.000100
-0.76   0.157427   0.000100
-0.75   0.156768   0.000100
-0.74   0.155810   0.000100
-0.74   0.155541   0.000100
-0.73   0.154926   0.000100
-0.72   0.154315   0.000100
-0.71   0.153670   0.000100
-0.70   0.153038   0.000100
-0.70   0.152486   0.000100
-0.69   0.151895   0.000100
-0.68   0.151299   0.000100
-0.67   0.150650   0.000100
-0.66   0.150113   0.000100
-0.66   0.149518   0.000100
-0.65   0.148958   0.000100
-0.64   0.148395   0.000100
-0.63   0.147737   0.000100
-0.62   0.147247   0.000100
-0.62   0.146718   0.000100
-0.61   0.146178   0.000100
-0.60   0.145632   0.000100
-0.59   0.145143   0.000100
-0.58   0.144604   0.000100
-0.58   0.144021   0.000100
-0.57   0.143564   0.000100
-0.56   0.143043   0.000100
-0.55   0.142546   0.000100
-0.54   0.142006   0.000100
-0.54   0.141493   0.000100
-0.53   0.140970   0.000100
-0.52   0.140498   0.000100
-0.51   0.140017   0.000100
-0.50   0.139524   0.000100
-0.50   0.139105   0.000100
-0.49   0.138630   0.000100
-0.48   0.138163   0.000100
-0.47   0.137706   0.000100
-0.46   0.137234   0.000100
-0.46   0.136724   0.000100
-0.45   0.136333   0.000100
-0.44   0.135922   0.000100
-0.43   0.135448   0.000100
-0.42   0.135055   0.000100
-0.42   0.134639   0.000100
-0.41   0.134185   0.000100
-0.40   0.133730   0.000100
-0.39   0.133348   0.000100
-0.38   0.132960   0.000100
-0.38   0.132574   0.000100
-0.37   0.132198   0.000100
-0.36   0.131717   0.000100
-0.35   0.131400   0.000100
-0.34   0.131031   0.000100
-0.34   0.130648   0.000100
-0.33   0.130257   0.000100
-0.32   0.129546   0.000100
-0.31   0.129480   0.000100
-0.30   0.129186   0.000100
-0.30   0.128831   0.000100
-0.29   0.128505   0.000100
-0.28   0.128215   0.000100
-0.27   0.127876   0.000100
-0.26   0.127450   0.000100
-0.26   0.127263   0.000100
-0.25   0.126911   0.000100
-0.24   0.126615   0.000100
-0.23   0.126302   0.000100
-0.22   0.125970   0.000100
-0.22   0.125631   0.000100
-0.21   0.125341   0.000100
-0.20   0.124954   0.000100
-0.19   0.124584   0.000100
-0.18   0.124184   0.000100
-0.18   0.123686   0.000100
-0.17   0.123054   0.000100
-0.16   0.122176   0.000100
-0.15   0.120774   0.000100
-0.14   0.118053   0.000100
-0.14   0.110210   0.000100
-0.13   0.081763   0.000100
-0.12   0.064930   0.000100
-0.11   0.060785   0.000100
-0.10   0.059354   0.000100
-0.10   0.058774   0.000100
-0.09   0.058230   0.000100
-0.08   0.058694   0.000100
-0.07   0.058929   0.000100
-0.06   0.059266   0.000100
-0.06   0.059694   0.000100
-0.05   0.060116   0.000100
-0.04   0.060759   0.000100
-0.03   0.061384   0.000100
-0.02   0.062073   0.000100
-0.02   0.062847   0.000100
-0.01   0.063668   0.000100
 0.00   0.064597   0.000100
 0.01   0.065613   0.000100
 0.02   0.066729   0.000100
 0.02   0.067920   0.000100
 0.03   0.069323   0.000100
 0.04   0.070924   0.000100
 0.05   0.072699   0.000100
 0.06   0.074788   0.000100
 0.06   0.077219   0.000100
 0.07   0.080234   0.000100
 0.08   0.083986   0.000100
 0.09   0.089034   0.000100
 0.10   0.096364   0.000100
 0.10   0.107351   0.000100
 0.11   0.109089   0.000100
 0.12   0.095226   0.000100
 0.13   0.086244   0.000100
 0.14   0.079890   0.000100
 0.14   0.075071   0.000100
 0.15   0.071244   0.000100
 0.16   0.068045   0.000100
 0.17   0.065341   0.000100
 0.18   0.063010   0.000100
 0.18   0.060956   0.000100
 0.19   0.059175   0.000100
 0.20   0.057556   0.000100
 0.21   0.056066   0.000100
 0.22   0.054758   0.000100
 0.22   0.053545   0.000100
 0.23   0.052430   0.000100
 0.24   0.051412   0.000100
 0.25   0.050436   0.000100
 0.26   0.049422   0.000100
 0.26   0.048208   0.000100
 0.27   0.047929   0.000100
 0.28   0.047209   0.000100
 0.29   0.046518   0.000100
 0.30   0.045850   0.000100
 0.30   0.045229   0.000100
 0.31   0.044636   0.000100
 0.32   0.044059   0.000100
 0.33   0.043508   0.000100
 0.34   0.042982   0.000100
 0.34   0.042487   0.000100
 0.35   0.041985   0.000100
 0.36   0.041527   0.000100
 0.37   0.041092   0.000100
 0.38   0.040649   0.000100
 0.38   0.040240   0.000100
 0.39   0.039755   0.000100
 0.40   0.039434   0.000100
 0.41   0.039015   0.000100
 0.42   0.038670   0.000100
 0.42   0.038270   0.000100
 0.43   0.037957   0.000094
 0.44   0.037591   0.000086
 0.45   0.037151   0.000069
 0.46   0.036931   0.000089
 0.46   0.036482   0.000067
 0.47   0.036298   0.000078
 0.48   0.035995   0.000082
 0.49   0.035655   0.000075
 0.50   0.035388   0.000051
 0.50   0.035080   0.000066
 0.51   0.034799   0.000064
 0.52   0.034515   0.000086
 0.53   0.034233   0.000072
 0.54   0.033942   0.000061
 0.54   0.033685   0.000055
 0.55   0.033396   0.000055
 0.56   0.033154   0.000048
 0.57   0.032894   0.000062
 0.58   0.032634   0.000057
 0.58   0.032375   0.000045
 0.59   0.032124   0.000041
 0.60   0.031879   0.000069
 0.61   0.031644   0.000045
 0.62   0.031400   0.000048
 0.62   0.031121   0.000030
 0.63   0.030864   0.000035
 0.64   0.030697   0.000042
 0.65   0.030460   0.000029
 0.66   0.030229   0.000032
 0.66   0.030011   0.000049
 0.67   0.029797   0.000035
 0.68   0.029563   0.000032
 0.69   0.029352   0.000035
 0.70   0.029131   0.000026
 0.70   0.028941   0.000018
 0.71   0.028737   0.000015
 0.72   0.028532   0.000016
 0.73   0.028331   0.000013
 0.74   0.028133   0.000019
 0.74   0.027935   0.000010
 0.75   0.027745   0.000013
 0.76   0.027555   0.000013
 0.77   0.027368   0.000009
 0.78   0.027185   0.000006
 0.78   0.027003   0.000011
 0.79   0.026829   0.000012
 0.80   0.026656   0.000006
 0.81   0.026485   0.000007
 0.82   0.026324   0.000004
 0.82   0.026163   0.000005
 0.83   0.026007   0.000006
 0.84   0.025857   0.000004
 0.85   0.025704   0.000003
 0.86   0.025558   0.000003
 0.86   0.025440   0.000002
 0.87   0.025314   0.000001
 0.88   0.025197   0.000001
 0.89   0.025088   0.000001
 0.90   0.024988   0.000001
 0.90   0.024900   0.000000
 0.91   0.024825   0.000000
 0.92   0.024764   0.000000
 0.93   0.024720   0.000000
 0.94   0.024696   0.000000
 0.94   0.024694   0.000000
 0.95   0.024720   0.000000
 0.96   0.024778   0.000000
 0.97   0.024877   0.000000
 0.98   0.025025   0.000000
 0.98   0.025234   0.000000
 0.99   0.025520   0.000000
 1.00   0.025908   0.000000
 1.01   0.026429   0.000000
 1.02   0.027129   0.000000
 1.02   0.028081   0.000000
 1.03   0.029393   0.000000
 1.04   0.031244   0.000000
 1.05   0.033932   0.000000
 1.06   0.037940   0.000000
 1.06   0.043577   0.000000
 1.07   0.051962   0.000000
 1.08   0.090372   0.000000
 1.09   0.253921   0.000000
 1.10   0.595057   0.000000
 1.10   0.579850   0.000000
 1.11   0.456417   0.000000
 1.12   0.384645   0.000000
 1.13   0.338888   0.000000
 1.14   0.306819   0.000000
 1.14   0.282859   0.000000
 1.15   0.264139   0.000000
 1.16   0.249026   0.000000
 1.17   0.236516   0.000000
 1.18   0.225957   0.000001
 1.18   0.216902   0.000001
 1.19   0.209036   0.000002
 1.20   0.202127   0.000001
 1.21   0.196001   0.000003
 1.22   0.190526   0.000003
 1.22   0.185602   0.000005
 1.23   0.181143   0.000005
 1.24   0.177084   0.000005
 1.25   0.173373   0.000008
 1.26   0.169960   0.000007
 1.26   0.166815   0.000009
 1.27   0.163902   0.000017
 1.28   0.161202   0.000028
 1.29   0.158686   0.000030
 1.30   0.156336   0.000025
 1.30   0.154135   0.000024
 1.31   0.152070   0.000026
 1.32   0.150132   0.000027
 1.33   0.148298   0.000027
 1.34   0.146570   0.000029
 1.34   0.144929   0.000034
 1.35   0.143383   0.000034
 1.36   0.141913   0.000029
 1.37   0.140519   0.000028
 1.38   0.139190   0.000034
 1.38   0.137920   0.000034
 1.39   0.136714   0.000031
 1.40   0.135557   0.000029
 1.41   0.134451   0.000037
 1.42   0.133389   0.000042
 1.42   0.132361   0.000051
 1.43   0.131391   0.000067
 1.44   0.130448   0.000061
 1.45   0.129510   0.000039
 1.46   0.128670   0.000063
 1.46   0.127818   0.000054
 1.47   0.126998   0.000029
 1.48   0.126225   0.000048
 1.49   0.125462   0.000037
 1.50   0.124723   0.000042
 1.50   0.124013   0.000029
 1.51   0.123298   0.000028
 1.52   0.122628   0.000032
 1.53   0.121967   0.000028
 1.54   0.121321   0.000024
 1.54   0.120686   0.000025
 1.55   0.120071   0.000035
 1.56   0.119471   0.000023
 1.57   0.118878   0.000019
 1.58   0.118298   0.000023
 1.58   0.117725   0.000015
 1.59   0.117156   0.000020
 1.60   0.116609   0.000016
 1.61   0.116061   0.000013
 1.62   0.115519   0.000017
 1.62   0.114984   0.000017
 1.63   0.114452   0.000015
 1.64   0.113925   0.000018
 1.65   0.113396   0.000012
 1.66   0.112879   0.000011
 1.66   0.112359   0.000010
 1.67   0.111841   0.000009
 1.68   0.111324   0.000007
 1.69   0.110807   0.000007
 1.70   0.110292   0.000005
 1.70   0.109775   0.000005
 1.71   0.109258   0.000006
 1.72   0.108738   0.000007
 1.73   0.108223   0.000006
 1.74   0.107704   0.000005
 1.74   0.107185   0.000005
 1.75   0.106666   0.000004
 1.76   0.106146   0.000005
 1.77   0.105629   0.000003
 1.78   0.105110   0.000002
 1.78   0.104597   0.000003
 1.79   0.104084   0.000005
 1.80   0.103575   0.000005
 1.81   0.103071   0.000003
 1.82   0.102572   0.000004
 1.82   0.102079   0.000003
 1.83   0.101595   0.000006
 1.84   0.101117   0.000005
 1.85   0.100650   0.000006
 1.86   0.100194   0.000007
 1.86   0.099750   0.000006
 1.87   0.099316   0.000008
 1.88   0.098898   0.000015
 1.89   0.098493   0.000012
 1.90   0.098105   0.000008
 1.90   0.097732   0.000011
 1.91   0.097374   0.000014
 1.92   0.097033   0.000010
 1.93   0.096711   0.000013
 1.94   0.096407   0.000013
 1.94   0.096121   0.000014
 1.95   0.095851   0.000019
 1.96   0.095557   0.000013
 1.97   0.095348   0.000014
 1.98   0.095156   0.000015
 1.98   0.094960   0.000020
 1.99   0.094788   0.000019
 2.00   0.094631   0.000025
